GPU     lam     본항만      규칙     보정 가중치      R(보정합)/R(본항) 중앙    90%     뒤집힌 형상        본항이 본 손해 중앙
a6000     1  1.2459  1.0274         32                 1.82   4.07       100%                4.1
a6000   0.5  1.2459  1.0303         32                 1.08   1.88       100%                4.1
a6000   0.1  1.2459  1.0365         32                 0.28   0.47       100%                4.1
5090      1  1.3233  1.0443         29                 2.26   4.26       100%                4.9
5090    0.5  1.3207  1.0418         29                 0.96   1.50       100%                4.5
5090    0.1  1.3207  1.0567         29                 0.27   0.51       100%                4.2
4090      1  1.1715  1.1050         30                 2.01   3.24       100%                4.2
4090    0.5  1.1715  1.0376         31                 1.31   1.89       100%                4.1
4090    0.1  1.1715  1.0372         31                 0.29   0.48       100%                4.0
h100      1  1.6600  1.0923         47                 1.75   4.11        98%                0.0
h100    0.5  1.6600  1.0856         47                 1.01   1.32        98%                0.0
h100    0.1  1.6600  1.0524         47                 0.30   0.36       100%                0.0
