GPU      lam  inner-CV  holdout  >1.2     최악      벤더  holdout fold
a6000      1    1.0354   1.0274     0   1.18  1.0815  1.033 1.038 1.016 1.023
a6000    0.5    1.0304   1.0303     1   1.22  1.0815  1.029 1.036 1.033 1.023
a6000   0.25    1.0356   1.0429     1   1.22  1.0815  1.033 1.061 1.050 1.028
a6000    0.1    1.0404   1.0365     1   1.22  1.0815  1.043 1.042 1.045 1.015
5090       1    1.0318   1.0443     1   1.21  1.1460  1.060 1.025 1.031 1.061
5090     0.5    1.0388   1.0418     1   1.21  1.1460  1.052 1.034 1.029 1.051
5090    0.25    1.0350   1.0475     1   1.20  1.1460  1.051 1.049 1.052 1.038
5090     0.1    1.0500   1.0567     2   1.66  1.1460  1.079 1.036 1.042 1.068
4090       1    1.0296   1.1050     5   4.44  1.0782  1.031 1.305 1.046 1.056
4090     0.5    1.0336   1.0376     2   1.41  1.0782  1.031 1.023 1.036 1.062
4090    0.25    1.0412   1.0695     5   5.19  1.0782  1.027 1.059 1.130 1.065
4090     0.1    1.0441   1.0372     1   1.41  1.0782  1.031 1.034 1.021 1.065
h100       1    1.0355   1.0923     7   3.46  1.1207  1.040 1.131 1.125 1.075
h100     0.5    1.0404   1.0856     7   1.77  1.1207  1.045 1.150 1.076 1.074
h100    0.25    1.0463   1.0784     7   1.62  1.1207  1.050 1.125 1.066 1.074
h100     0.1    1.0473   1.0524     3   1.62  1.1207  1.041 1.043 1.053 1.074
